======================================================================
FEDERATED LEARNING WITH ADAPTIVE HIERARCHICAL MoE - RESULTS
======================================================================

CONFIGURATION
----------------------------------------------------------------------
  Dataset:            cifar10
  Num Clients:        10
  Num Clusters:       3
  Training Rounds:    30
  Partition Method:   dirichlet
  Dirichlet Alpha:    0.3
  Alpha (local wt):   0.5
  Warmup Rounds:      10
  Local Epochs:       3
  Top-K Experts:      3
  Batch Size:         64
  LR Head:            0.001
  LR Body:            0.001
  LR Router:          0.001
  Weight Decay:       0.0001
  LR Decay:           0.98
  Dropout:            0.3
  Feature Dim:        512
  Seed:               42
  Device:             cuda

PER-ROUND METRICS
----------------------------------------------------------------------
 Round | Train Loss | Train Acc | Val Loss | Val Acc | Test Acc | Experts |  Time(s)
-------------------------------------------------------------------------------------
     1 |     0.8152 |    0.7140 |   0.9016 |  0.5569 |     -    |   116.2 |   284.89
     2 |     0.6726 |    0.7660 |   0.7649 |  0.6850 |     -    |   283.0 |   287.40
     3 |     0.5771 |    0.8022 |   0.6784 |  0.7650 |     -    |   399.3 |   279.66
     4 |     0.5304 |    0.8215 |   0.7202 |  0.7451 |     -    |   399.3 |   284.37
     5 |     0.4603 |    0.8434 |   0.6422 |  0.7711 |   0.6306 |   424.2 |   374.12
     6 |     0.4165 |    0.8602 |   0.5909 |  0.7957 |     -    |   526.0 |   288.49
     7 |     0.3704 |    0.8740 |   0.5770 |  0.8061 |     -    |   567.3 |   288.78
     8 |     0.3260 |    0.8883 |   0.5355 |  0.8250 |     -    |   567.3 |   287.08
     9 |     0.3005 |    0.8993 |   0.5122 |  0.8359 |     -    |   567.3 |   290.57
    10 |     0.2745 |    0.9058 |   0.5398 |  0.8295 |   0.7067 |   567.3 |   387.77
    11 |     0.2625 |    0.9115 |   0.5351 |  0.8424 |     -    |   598.6 |   297.69
    12 |     0.2287 |    0.9231 |   0.5256 |  0.8391 |     -    |   618.4 |   304.56
    13 |     0.2176 |    0.9261 |   0.4964 |  0.8541 |     -    |   599.0 |   294.40
    14 |     0.1969 |    0.9326 |   0.4722 |  0.8555 |     -    |   545.7 |   297.87
    15 |     0.1914 |    0.9359 |   0.5664 |  0.8427 |   0.7090 |   545.7 |   386.94
    16 |     0.1668 |    0.9435 |   0.5218 |  0.8552 |     -    |   551.5 |   292.61
    17 |     0.1503 |    0.9482 |   0.5339 |  0.8530 |     -    |   488.9 |   291.73
    18 |     0.1420 |    0.9519 |   0.5826 |  0.8529 |     -    |   466.2 |   298.99
    19 |     0.1237 |    0.9586 |   0.5712 |  0.8573 |     -    |   466.2 |   289.47
    20 |     0.1285 |    0.9568 |   0.5727 |  0.8545 |   0.7570 |   466.2 |   378.61
    21 |     0.1173 |    0.9602 |   0.5294 |  0.8643 |     -    |   476.8 |   289.82
    22 |     0.1042 |    0.9647 |   0.5465 |  0.8682 |     -    |   461.0 |   283.98
    23 |     0.0985 |    0.9665 |   0.5272 |  0.8632 |     -    |   429.9 |   285.01
    24 |     0.0917 |    0.9698 |   0.5850 |  0.8580 |     -    |   429.9 |   285.85
    25 |     0.0787 |    0.9742 |   0.5962 |  0.8669 |   0.7650 |   429.9 |   378.14
    26 |     0.0744 |    0.9752 |   0.5450 |  0.8747 |     -    |   470.0 |   289.05
    27 |     0.0628 |    0.9798 |   0.5947 |  0.8661 |     -    |   470.0 |   288.84
    28 |     0.0633 |    0.9790 |   0.6193 |  0.8708 |     -    |   470.0 |   285.86
    29 |     0.0745 |    0.9767 |   0.5964 |  0.8629 |     -    |   470.0 |   291.76
    30 |     0.0534 |    0.9819 |   0.5933 |  0.8740 |   0.7562 |   470.0 |   371.31

FINAL RESULTS
----------------------------------------------------------------------
  Final Global Test Accuracy: 0.7565
  Best Val Accuracy:          0.8747 (Round 26)
  Best Test Accuracy:         0.7650
  Final Train Loss:           0.0534
  Total Training Time:        9320.28s (155.3min)
  Avg Round Time:             307.85s

PER-CLIENT FINAL STATISTICS
----------------------------------------------------------------------
 Client |  Trust | Val Acc |  Sent |  Recv | Relay | Registered |  Used | Cache
----------------------------------------------------------------------
      0 |  0.677 |   0.847 |    60 |    72 |     0 |         72 | 25740 |     5
      1 |  0.780 |   0.922 |    90 |    91 |    21 |         91 | 45511 |     6
      2 |  0.698 |   0.908 |    80 |    90 |     0 |         90 | 21384 |     6
      3 |  0.654 |   0.830 |    92 |   100 |     2 |        100 | 23127 |     7
      4 |  0.820 |   0.882 |   105 |   105 |    35 |        105 | 66144 |     7
      5 |  0.717 |   0.866 |    90 |    99 |     0 |         99 | 39498 |     6
      6 |  0.829 |   0.891 |    62 |    64 |    18 |         64 | 54677 |     5
      7 |  0.768 |   0.894 |    80 |    92 |     0 |         92 | 46050 |     5
      8 |  0.802 |   0.907 |    82 |    92 |     2 |         92 | 55245 |     5
      9 |  0.723 |   0.794 |    65 |    77 |     0 |         77 | 51156 |     5

======================================================================
