======================================================================
FEDERATED LEARNING WITH ADAPTIVE HIERARCHICAL MoE - RESULTS
======================================================================

CONFIGURATION
----------------------------------------------------------------------
  Dataset:            cifar10
  Num Clients:        10
  Num Clusters:       3
  Training Rounds:    40
  Partition Method:   dirichlet
  Dirichlet Alpha:    0.2
  Alpha (local wt):   0.5
  Warmup Rounds:      10
  Local Epochs:       3
  Top-K Experts:      3
  Batch Size:         64
  LR Head:            0.001
  LR Body:            0.001
  LR Router:          0.001
  Weight Decay:       0.0005
  LR Decay:           0.98
  Dropout:            0.3
  Feature Dim:        512
  Seed:               42
  Device:             cuda

PER-ROUND METRICS
----------------------------------------------------------------------
 Round | Train Loss | Train Acc | Val Loss | Val Acc | Test Acc | Experts |  Time(s)
-------------------------------------------------------------------------------------
     1 |     0.6748 |    0.7719 |   0.6802 |  0.6864 |     -    |    93.7 |   276.70
     2 |     0.5723 |    0.8078 |   0.6309 |  0.7929 |     -    |   344.6 |   285.31
     3 |     0.5003 |    0.8320 |   0.6649 |  0.7804 |     -    |   437.3 |   288.50
     4 |     0.4585 |    0.8459 |   0.5624 |  0.8020 |     -    |   437.3 |   282.23
     5 |     0.3994 |    0.8624 |   0.5627 |  0.8216 |   0.5329 |   437.3 |   365.42
     6 |     0.3708 |    0.8736 |   0.5644 |  0.8212 |     -    |   510.8 |   280.97
     7 |     0.3351 |    0.8842 |   0.4885 |  0.8390 |     -    |   529.6 |   287.90
     8 |     0.3062 |    0.8946 |   0.4772 |  0.8455 |     -    |   529.6 |   283.13
     9 |     0.2904 |    0.8997 |   0.4535 |  0.8591 |     -    |   529.6 |   289.89
    10 |     0.2628 |    0.9102 |   0.4288 |  0.8619 |   0.6520 |   529.6 |   371.87
    11 |     0.2575 |    0.9124 |   0.5163 |  0.8344 |     -    |   554.1 |   284.57
    12 |     0.2398 |    0.9207 |   0.4149 |  0.8776 |     -    |   563.0 |   289.24
    13 |     0.2276 |    0.9224 |   0.4475 |  0.8599 |     -    |   563.0 |   287.26
    14 |     0.2128 |    0.9301 |   0.4219 |  0.8763 |     -    |   537.7 |   285.81
    15 |     0.1985 |    0.9329 |   0.4423 |  0.8650 |   0.6485 |   527.8 |   371.13
    16 |     0.1896 |    0.9369 |   0.3841 |  0.8873 |     -    |   527.8 |   285.42
    17 |     0.1776 |    0.9412 |   0.4770 |  0.8722 |     -    |   494.4 |   287.45
    18 |     0.1499 |    0.9512 |   0.4149 |  0.8830 |     -    |   446.6 |   292.49
    19 |     0.1510 |    0.9491 |   0.3937 |  0.8844 |     -    |   446.6 |   308.84
    20 |     0.1373 |    0.9538 |   0.4565 |  0.8827 |   0.6865 |   446.6 |   403.81
    21 |     0.1229 |    0.9596 |   0.4238 |  0.8911 |     -    |   446.6 |   310.02
    22 |     0.1118 |    0.9624 |   0.4477 |  0.8842 |     -    |   446.6 |   286.79
    23 |     0.1099 |    0.9635 |   0.4294 |  0.8963 |     -    |   429.4 |   289.37
    24 |     0.1098 |    0.9633 |   0.3971 |  0.8943 |     -    |   429.4 |   287.90
    25 |     0.0960 |    0.9686 |   0.4147 |  0.8856 |   0.6907 |   429.4 |   376.82
    26 |     0.0944 |    0.9690 |   0.4623 |  0.8922 |     -    |   429.4 |   290.76
    27 |     0.0956 |    0.9686 |   0.4654 |  0.8903 |     -    |   406.7 |   293.52
    28 |     0.0765 |    0.9746 |   0.4917 |  0.8918 |     -    |   397.2 |   290.02
    29 |     0.0782 |    0.9745 |   0.4502 |  0.8918 |     -    |   397.2 |   299.77
    30 |     0.0756 |    0.9758 |   0.4505 |  0.8873 |   0.6903 |   397.2 |   379.94
    31 |     0.0676 |    0.9777 |   0.4452 |  0.9010 |     -    |   397.2 |   290.33
    32 |     0.0650 |    0.9798 |   0.4293 |  0.8939 |     -    |   397.2 |   291.60
    33 |     0.0579 |    0.9816 |   0.4614 |  0.8930 |     -    |   397.2 |   291.67
    34 |     0.0547 |    0.9835 |   0.4233 |  0.9028 |     -    |   397.2 |   286.41
    35 |     0.0550 |    0.9837 |   0.4440 |  0.8977 |   0.7053 |   397.2 |   369.91
    36 |     0.0715 |    0.9768 |   0.4499 |  0.8957 |     -    |   397.2 |   314.49
    37 |     0.0518 |    0.9836 |   0.4550 |  0.9014 |     -    |   397.2 |   336.23
    38 |     0.0485 |    0.9851 |   0.4515 |  0.8981 |     -    |   397.2 |   588.09
    39 |     0.0603 |    0.9806 |   0.4224 |  0.9013 |     -    |   397.2 |   504.19
    40 |     0.0563 |    0.9854 |   0.4652 |  0.8930 |   0.7004 |   397.2 |  1332.66

FINAL RESULTS
----------------------------------------------------------------------
  Final Global Test Accuracy: 0.7004
  Best Val Accuracy:          0.9028 (Round 34)
  Best Test Accuracy:         0.7053
  Final Train Loss:           0.0563
  Total Training Time:        13940.29s (232.3min)
  Avg Round Time:             345.46s

PER-CLIENT FINAL STATISTICS
----------------------------------------------------------------------
 Client |  Trust | Val Acc |  Sent |  Recv | Relay | Registered |  Used | Cache
----------------------------------------------------------------------
      0 |  0.709 |   0.859 |   102 |   119 |     0 |        119 | 44688 |     5
      1 |  0.758 |   0.869 |   119 |   135 |     0 |        135 | 58032 |     5
      2 |  0.666 |   0.860 |   119 |   135 |     0 |        135 | 27438 |     5
      3 |  0.730 |   0.956 |   114 |   129 |     0 |        129 | 23712 |     5
      4 |  0.796 |   0.916 |    83 |    83 |    26 |         83 | 58401 |     3
      5 |  0.911 |   0.924 |   133 |   135 |    40 |        135 | 102810 |     5
      6 |  0.808 |   0.883 |   122 |   122 |    42 |        122 | 75438 |     5
      7 |  0.853 |   0.897 |   109 |   123 |     3 |        123 | 83662 |     5
      8 |  0.717 |   0.868 |    69 |    85 |     0 |         85 | 43035 |     3
      9 |  0.653 |   0.896 |   116 |   131 |     0 |        131 | 11340 |     5

======================================================================
