======================================================================
FEDERATED LEARNING WITH ADAPTIVE HIERARCHICAL MoE - RESULTS
======================================================================

CONFIGURATION
----------------------------------------------------------------------
  Dataset:            cifar10
  Num Clients:        10
  Num Clusters:       3
  Training Rounds:    40
  Partition Method:   dirichlet
  Dirichlet Alpha:    0.3
  Alpha (local wt):   0.5
  Warmup Rounds:      10
  Local Epochs:       3
  Top-K Experts:      3
  Batch Size:         64
  LR Head:            0.001
  LR Body:            0.001
  LR Router:          0.001
  Weight Decay:       0.0001
  LR Decay:           0.98
  Dropout:            0.3
  Feature Dim:        512
  Seed:               42
  Device:             cuda

PER-ROUND METRICS
----------------------------------------------------------------------
 Round | Train Loss | Train Acc | Val Loss | Val Acc | Test Acc | Experts |  Time(s)
-------------------------------------------------------------------------------------
     1 |     0.8128 |    0.7121 |   0.8274 |  0.5923 |     -    |   116.2 |   275.56
     2 |     0.6778 |    0.7653 |   0.7339 |  0.7262 |     -    |   301.2 |   284.90
     3 |     0.5849 |    0.8017 |   0.6366 |  0.7787 |     -    |   406.1 |   279.75
     4 |     0.5134 |    0.8257 |   0.6419 |  0.7781 |     -    |   406.1 |   286.41
     5 |     0.4594 |    0.8444 |   0.6239 |  0.7865 |   0.6333 |   406.1 |   373.63
     6 |     0.4134 |    0.8611 |   0.5379 |  0.8142 |     -    |   557.5 |   286.02
     7 |     0.3640 |    0.8778 |   0.5406 |  0.8279 |     -    |   588.8 |   291.57
     8 |     0.3396 |    0.8848 |   0.5098 |  0.8347 |     -    |   588.8 |   296.59
     9 |     0.3016 |    0.8987 |   0.5033 |  0.8392 |     -    |   588.8 |   290.31
    10 |     0.2653 |    0.9096 |   0.5236 |  0.8395 |   0.7229 |   588.8 |   376.33
    11 |     0.2562 |    0.9117 |   0.5233 |  0.8394 |     -    |   610.7 |   288.22
    12 |     0.2485 |    0.9162 |   0.5640 |  0.8268 |     -    |   637.9 |   288.22
    13 |     0.2164 |    0.9273 |   0.5312 |  0.8362 |     -    |   637.9 |   291.34
    14 |     0.1937 |    0.9336 |   0.5505 |  0.8532 |     -    |   605.9 |   293.58
    15 |     0.1852 |    0.9369 |   0.5058 |  0.8522 |   0.7341 |   601.4 |   380.52
    16 |     0.1682 |    0.9426 |   0.5087 |  0.8620 |     -    |   633.4 |   288.15
    17 |     0.1489 |    0.9474 |   0.5560 |  0.8550 |     -    |   590.8 |   299.21
    18 |     0.1367 |    0.9528 |   0.5679 |  0.8494 |     -    |   549.4 |   291.48
    19 |     0.1288 |    0.9567 |   0.5093 |  0.8588 |     -    |   549.4 |   287.47
    20 |     0.1208 |    0.9593 |   0.5502 |  0.8557 |   0.7585 |   549.4 |   372.65
    21 |     0.1176 |    0.9601 |   0.5391 |  0.8625 |     -    |   590.4 |   287.22
    22 |     0.0970 |    0.9666 |   0.5794 |  0.8599 |     -    |   592.4 |   295.90
    23 |     0.1024 |    0.9647 |   0.5834 |  0.8561 |     -    |   587.9 |   288.86
    24 |     0.0815 |    0.9725 |   0.5651 |  0.8630 |     -    |   587.9 |   290.85
    25 |     0.0724 |    0.9746 |   0.5597 |  0.8682 |   0.7506 |   587.9 |   380.56
    26 |     0.0995 |    0.9692 |   0.6041 |  0.8604 |     -    |   608.6 |   295.55
    27 |     0.0628 |    0.9788 |   0.5825 |  0.8710 |     -    |   579.8 |   284.74
    28 |     0.0642 |    0.9789 |   0.5859 |  0.8697 |     -    |   531.9 |   285.94
    29 |     0.0555 |    0.9825 |   0.6197 |  0.8734 |     -    |   531.9 |   285.56
    30 |     0.0518 |    0.9826 |   0.5944 |  0.8651 |   0.7429 |   531.9 |   372.15
    31 |     0.0518 |    0.9827 |   0.5788 |  0.8710 |     -    |   531.9 |   291.94
    32 |     0.0463 |    0.9852 |   0.5991 |  0.8751 |     -    |   546.6 |   290.62
    33 |     0.0470 |    0.9853 |   0.6034 |  0.8747 |     -    |   525.6 |   288.69
    34 |     0.0479 |    0.9852 |   0.6135 |  0.8763 |     -    |   525.6 |   286.11
    35 |     0.0483 |    0.9845 |   0.6014 |  0.8710 |   0.7604 |   525.6 |   370.30
    36 |     0.0358 |    0.9879 |   0.6016 |  0.8789 |     -    |   559.1 |   290.86
    37 |     0.0404 |    0.9871 |   0.5891 |  0.8805 |     -    |   559.1 |   290.27
    38 |     0.0332 |    0.9894 |   0.6096 |  0.8826 |     -    |   518.5 |   291.55
    39 |     0.0368 |    0.9886 |   0.5706 |  0.8788 |     -    |   518.5 |   290.65
    40 |     0.0456 |    0.9851 |   0.6169 |  0.8729 |   0.7528 |   537.9 |   377.78

FINAL RESULTS
----------------------------------------------------------------------
  Final Global Test Accuracy: 0.7530
  Best Val Accuracy:          0.8826 (Round 38)
  Best Test Accuracy:         0.7604
  Final Train Loss:           0.0456
  Total Training Time:        12346.09s (205.8min)
  Avg Round Time:             306.45s

PER-CLIENT FINAL STATISTICS
----------------------------------------------------------------------
 Client |  Trust | Val Acc |  Sent |  Recv | Relay | Registered |  Used | Cache
----------------------------------------------------------------------
      0 |  0.660 |   0.821 |   116 |   128 |     0 |        128 | 40365 |     7
      1 |  0.771 |   0.908 |    91 |   102 |     2 |        102 | 59285 |     6
      2 |  0.695 |   0.904 |   144 |   157 |     0 |        157 | 35937 |     7
      3 |  0.688 |   0.878 |    89 |   101 |     1 |        101 | 33579 |     8
      4 |  0.808 |   0.864 |   132 |   137 |    26 |        137 | 95824 |     7
      5 |  0.693 |   0.831 |   128 |   140 |     3 |        140 | 51504 |     7
      6 |  0.832 |   0.896 |   118 |   120 |    34 |        120 | 99403 |     6
      7 |  0.774 |   0.902 |   113 |   124 |    11 |        124 | 70575 |     6
      8 |  0.807 |   0.916 |   118 |   121 |    24 |        121 | 86565 |     8
      9 |  0.733 |   0.809 |    97 |   112 |     0 |        112 | 72819 |     6

======================================================================
