======================================================================
FEDERATED LEARNING WITH ADAPTIVE HIERARCHICAL MoE - RESULTS
======================================================================

CONFIGURATION
----------------------------------------------------------------------
  Dataset:            cifar10
  Num Clients:        10
  Num Clusters:       3
  Training Rounds:    30
  Partition Method:   dirichlet
  Dirichlet Alpha:    0.2
  Alpha (local wt):   0.5
  Warmup Rounds:      10
  Local Epochs:       3
  Top-K Experts:      3
  Batch Size:         64
  LR Head:            0.001
  LR Body:            0.001
  LR Router:          0.001
  Weight Decay:       0.0001
  LR Decay:           0.98
  Dropout:            0.3
  Feature Dim:        512
  Seed:               42
  Device:             cuda

PER-ROUND METRICS
----------------------------------------------------------------------
 Round | Train Loss | Train Acc | Val Loss | Val Acc | Test Acc | Experts |  Time(s)
-------------------------------------------------------------------------------------
     1 |     0.6752 |    0.7752 |   0.7319 |  0.6600 |     -    |    93.7 |   295.00
     2 |     0.5608 |    0.8105 |   0.5821 |  0.7731 |     -    |   319.5 |   301.45
     3 |     0.4848 |    0.8331 |   0.5414 |  0.8198 |     -    |   422.2 |   305.63
     4 |     0.4292 |    0.8549 |   0.5183 |  0.8189 |     -    |   422.2 |   302.04
     5 |     0.3852 |    0.8694 |   0.5333 |  0.8170 |   0.5421 |   459.8 |   378.21
     6 |     0.3473 |    0.8792 |   0.4686 |  0.8465 |     -    |   565.6 |   299.35
     7 |     0.3153 |    0.8933 |   0.4718 |  0.8559 |     -    |   590.5 |   291.65
     8 |     0.2760 |    0.9048 |   0.4553 |  0.8587 |     -    |   590.5 |   288.47
     9 |     0.2488 |    0.9117 |   0.4210 |  0.8698 |     -    |   590.5 |   287.60
    10 |     0.2259 |    0.9224 |   0.5024 |  0.8622 |   0.6397 |   590.5 |   374.30
    11 |     0.2150 |    0.9254 |   0.4505 |  0.8665 |     -    |   639.7 |   289.87
    12 |     0.1919 |    0.9322 |   0.4472 |  0.8715 |     -    |   645.4 |   296.08
    13 |     0.1777 |    0.9386 |   0.4444 |  0.8745 |     -    |   639.7 |   288.94
    14 |     0.1700 |    0.9408 |   0.4557 |  0.8700 |     -    |   612.0 |   298.17
    15 |     0.1625 |    0.9447 |   0.4297 |  0.8812 |   0.6790 |   612.0 |   384.45
    16 |     0.1414 |    0.9511 |   0.4645 |  0.8800 |     -    |   612.0 |   290.01
    17 |     0.1272 |    0.9581 |   0.4553 |  0.8865 |     -    |   586.7 |   289.02
    18 |     0.1127 |    0.9613 |   0.4694 |  0.8859 |     -    |   551.3 |   289.33
    19 |     0.1055 |    0.9644 |   0.4686 |  0.8859 |     -    |   551.3 |   288.42
    20 |     0.0900 |    0.9687 |   0.4707 |  0.8883 |   0.6794 |   551.3 |   379.53
    21 |     0.1015 |    0.9660 |   0.4616 |  0.8904 |     -    |   581.0 |   288.23
    22 |     0.0814 |    0.9723 |   0.4939 |  0.8898 |     -    |   583.2 |   291.73
    23 |     0.0824 |    0.9723 |   0.5201 |  0.8874 |     -    |   577.5 |   291.47
    24 |     0.0639 |    0.9789 |   0.5011 |  0.8870 |     -    |   577.5 |   291.10
    25 |     0.0720 |    0.9761 |   0.5100 |  0.8894 |   0.7049 |   577.5 |   378.09
    26 |     0.0687 |    0.9761 |   0.4905 |  0.8967 |     -    |   605.1 |   292.12
    27 |     0.0545 |    0.9819 |   0.5277 |  0.8942 |     -    |   576.9 |   291.20
    28 |     0.0568 |    0.9811 |   0.5810 |  0.8856 |     -    |   560.5 |   296.06
    29 |     0.0606 |    0.9802 |   0.5322 |  0.8807 |     -    |   560.5 |   289.38
    30 |     0.0567 |    0.9822 |   0.5215 |  0.8896 |   0.7094 |   560.5 |   375.50

FINAL RESULTS
----------------------------------------------------------------------
  Final Global Test Accuracy: 0.7097
  Best Val Accuracy:          0.8967 (Round 26)
  Best Test Accuracy:         0.7094
  Final Train Loss:           0.0567
  Total Training Time:        9389.37s (156.5min)
  Avg Round Time:             310.08s

PER-CLIENT FINAL STATISTICS
----------------------------------------------------------------------
 Client |  Trust | Val Acc |  Sent |  Recv | Relay | Registered |  Used | Cache
----------------------------------------------------------------------
      0 |  0.693 |   0.837 |    85 |    96 |     0 |         96 | 41610 |     8
      1 |  0.747 |   0.855 |    77 |    86 |     2 |         86 | 55146 |     6
      2 |  0.651 |   0.839 |    99 |   109 |     2 |        109 | 23800 |     8
      3 |  0.727 |   0.952 |   123 |   134 |     0 |        134 | 23712 |     8
      4 |  0.821 |   0.953 |    60 |    60 |    19 |         60 | 45279 |     6
      5 |  0.916 |   0.931 |   107 |   109 |    36 |        109 | 92874 |     8
      6 |  0.815 |   0.893 |   119 |   126 |    10 |        126 | 73953 |     7
      7 |  0.859 |   0.905 |   101 |   107 |    12 |        107 | 87320 |     6
      8 |  0.708 |   0.856 |    50 |    61 |     0 |         61 | 34428 |     6
      9 |  0.638 |   0.875 |   125 |   136 |     0 |        136 | 10906 |     8

======================================================================
